"plots/PMC552966_gki285f3.jpg": (19.421875, 43.44375, 34.253125, 49.23625):0.644311904907/300.0;
"plots/PMC468665_bcr812-10.jpg": (3.0, 81.70875, 33.0, 101.75625):0.823166012764/20.0;
"plots/PMC3776094_11357_2012_9476_Fig3_HTML.jpg": (417.9, 445.190625, 467.65, 455.709375):0.500659763813/234.0, (588.5425, 444.88125, 633.3175, 454.78125):0.503225743771/34.0, (105.9675, 445.190625, 182.5825, 456.946875):0.480887323618/2345.0, (321.385, 447.046875, 363.175, 457.565625):0.443008184433/2151.0;
"plots/PMC3355061_pcbi.1002522.g009.jpg": (552.6325, 378.849375, 572.7575, 391.010625):0.808448553085/35.0, (267.26, 378.585, 286.58, 391.275):0.760262548923/21.0, (412.16, 378.849375, 431.48, 391.010625):0.716625571251/28.0, (129.605, 378.320625, 145.705, 390.481875):0.686596095562/14.0;
"plots/PMC468665_bcr812-11.jpg": (39.75, 143.0975, 65.25, 165.1125):0.827559947968/16.0;
"plots/PMC468665_bcr812-7.jpg": (57.75, 109.8625, 77.25, 126.665):0.755410552025/12.0;
"plots/PMC514605_1471-2210-4-14-4.jpg": (463.875, 471.1, 518.625, 487.9):0.869927227497/2000.0, (299.625, 465.85, 336.375, 486.15):0.732383906841/1001.0, (383.625, 467.95, 420.375, 488.25):0.526310324669/4501.0;
"plots/PMC3737284_pone.0071070.g002.jpg": (30.40125, 54.298125, 51.27375, 70.284375):0.744659841061/70.0;
"plots/PMC468665_bcr812-6.jpg": (87.0, 170.68, 112.5, 188.25):0.811236321926/3.5;
"plots/PMC517943_1475-2875-3-31-2.jpg": (46.7325, 60.49, 70.4475, 78.9):0.709090173244/160.0;
"plots/PMC3791088_gr1.jpg": (54.196875, 268.589375, 74.030625, 276.175625):0.824250876904/2006.0, (92.019375, 268.589375, 111.853125, 276.175625):0.868915736675/2006.0, (169.048125, 268.77, 188.881875, 275.2725):0.802006065845/2008.0, (206.64, 268.228125, 226.0125, 275.814375):0.830835700035/2009.0, (245.154375, 268.77, 264.988125, 275.995):0.806500852108/2010.0, (130.764375, 268.228125, 149.675625, 275.814375):0.786490499973/2007.0, (280.90125, 268.228125, 299.35125, 275.814375):0.726940691471/2011.0, (321.721875, 268.228125, 342.478125, 276.536875):0.759099066257/2012.0;
"plots/PMC3319425_1746-1596-7-27-4.jpg": (126.75, 366.155625, 146.25, 381.376875):0.853832662106/10.0, (230.25, 365.87375, 251.25, 381.65875):0.856001257896/20.0, (337.125, 365.591875, 357.375, 380.813125):0.878931641579/30.0, (440.25, 365.591875, 462.75, 380.813125):0.866411030293/40.0, (548.25, 366.155625, 569.25, 380.249375):0.86039274931/90.0, (25.125, 366.719375, 36.375, 380.813125):0.646412014961/0.0;
"plots/PMC222960_1471-2105-4-42-6.jpg": (50.25, 175.11, 68.25, 187.4575):0.813632369041/50.0;
"plots/PMC3797768_pone.0077303.g001.jpg": (730.25625, 149.2925, 750.99375, 163.2575):0.766770839691/0.2, (41.475, 146.3, 49.375, 160.93):0.394581288099/5.0;
"plots/PMC419351_1471-2261-4-6-2.jpg": (50.25, 144.9, 87.75, 159.39):0.879360973835/1600.0;
"plots/PMC517943_1475-2875-3-31-1.jpg": (43.125, 15.99, 69.375, 34.645):0.837660372257/160.0;
"plots/PMC3731284_pone.0070585.g001.jpg": (161.895, 473.84375, 184.485, 484.76625):0.605898678303/30.0, (544.513125, 473.84375, 568.044375, 483.48125):0.620610773563/75.0, (718.17375, 474.48625, 738.88125, 484.12375):0.658155918121/95.0, (671.11125, 472.2375, 695.58375, 485.0875):0.551744878292/90.0, (247.54875, 474.48625, 272.02125, 484.12375):0.519986450672/40.0, (420.73875, 474.8075, 443.32875, 485.0875):0.517439126968/60.0, (328.025625, 473.84375, 351.556875, 483.48125):0.493661701679/50.0, (176.484375, 474.48625, 200.015625, 484.12375):0.31662940979/0.0, (370.381875, 473.84375, 395.795625, 483.48125):0.312856465578/55.0;
"plots/PMC3762032_NJS-19-7-g005.jpg": (51.02125, 24.975, 77.60375, 46.065):0.727355778217/20.0;
"plots/PMC1074713_ijmsv01p0181g02.jpg": (35.25, 131.591875, 46.75, 138.978125):0.793858528137/30.0;
"plots/PMC3356391_pone.0037228.g002.jpg": (19.61875, 119.6875, 35.20625, 131.5625):0.636896848679/0.4, (411.45625, 113.125, 430.26875, 122.5):0.426379114389/2.0;
"plots/PMC3809714_2000188-galleyfig3.jpg": (95.380625, 111.934375, 136.329375, 145.403125):0.833504140377/80.0.
